name: project_chatbot_ai
channels:
  - conda-forge
  - defaults
dependencies:
  - bcrypt=4.3.0=py311h636fa0f_0
  - blas=1.0=mkl
  - bzip2=1.0.8=h2bbff1b_6
  - ca-certificates=2025.2.25=haa95532_0
  - certifi=2025.1.31=py311haa95532_0
  - cffi=1.17.1=py311h827c3e9_1
  - click=8.1.8=py311haa95532_0
  - colorama=0.4.6=py311haa95532_0
  - cryptography=44.0.2=py311hfd75b31_0
  - filelock=3.18.0=pyhd8ed1ab_0
  - intel-openmp=2023.1.0=h59b6b97_46320
  - libffi=3.4.4=hd77b12b_1
  - mkl=2023.1.0=h6b88ed4_46358
  - mkl-service=2.4.0=py311h827c3e9_2
  - mkl_fft=1.3.11=py311h827c3e9_0
  - mkl_random=1.2.8=py311hea22821_0
  - mpmath=1.3.0=py311haa95532_0
  - networkx=3.4.2=py311haa95532_0
  - numpy=2.2.4=py311hb0d8612_0
  - numpy-base=2.2.4=py311h557a8af_0
  - openssl=3.5.0=ha4e3fda_1
  - packaging=24.2=py311haa95532_0
  - pip=25.1=pyhc872135_2
  - psutil=7.0.0=py311he736701_0
  - pycparser=2.21=pyhd3eb1b0_0
  - python=3.11.11=h4607a30_0
  - python_abi=3.11=2_cp311
  - setuptools=72.1.0=py311haa95532_0
  - sqlite=3.45.3=h2bbff1b_0
  - sympy=1.13.1=pyh04b8f61_3
  - tbb=2021.8.0=h59b6b97_0
  - tk=8.6.14=h5e9d12e_1
  - tqdm=4.67.1=py311h746a85d_0
  - tzdata=2025b=h04d1e81_0
  - ucrt=10.0.20348.0=haa95532_0
  - vc=14.42=haa95532_5
  - vc14_runtime=14.42.34438=hfd919c2_26
  - vs2015_runtime=14.42.34438=h7142326_26
  - wheel=0.45.1=py311haa95532_0
  - xz=5.6.4=h4754444_1
  - zlib=1.2.13=h8cc25b3_1
prefix: C:\Users\be1ne\miniconda3\envs\project_chatbot_ai
